uuid: 2ac3d25c-e070-3d2d-9bd5-fcb94d29e948
timestamps:
  login: 1485185874893
  logout: 1485186977295
ipAddress: 95.153.131.229
afk: false
logoutlocation:
  world: world
  x: -788.3946773965475
  y: 69.3643045572732
  z: 1258.8253190194669
  yaw: 69.045715
  pitch: 6.686571
