uuid: 37973ab6-58a2-390a-b196-ba37e45d49f1
timestamps:
  login: 1487511623662
  lastteleport: 1487512073969
ipAddress: 159.224.217.27
lastlocation:
  world: world
  x: -900.7187259966223
  y: 64.0
  z: -68.06129944020333
  yaw: -228.15001
  pitch: 10.65
