uuid: 54ed49a9-76e7-339e-b6d2-8841ba3a4ebf
timestamps:
  login: 1492053540664
  logout: 1492055840044
  lastteleport: 1491717452136
  kits:
    start: 1490608516270
ipAddress: 217.118.79.19
lastlocation:
  world: world
  x: -114.30000001192093
  y: 33.0
  z: 1154.699999988079
  yaw: -91.26181
  pitch: 83.41339
logoutlocation:
  world: world
  x: -104.42547868563116
  y: 37.0
  z: 1161.5796381593009
  yaw: -296.67065
  pitch: 13.719498
homes:
  nevt:
    world: world
    x: -1991.8938792294875
    y: 71.0
    z: -400.16073816499505
    yaw: -194.96863
    pitch: 6.5904145
  homi:
    world: world
    x: -2272.138584902096
    y: 67.0
    z: 129.13306560980908
    yaw: -102.353516
    pitch: 18.88808
