jails: 
  jail: 
    world: world
    x: 259.45666316725095
    y: 70.0
    z: 302.44605321845296
    yaw: 90.5957
    pitch: 12.449984
