spawns: 
  default: 
    world: world
    x: 267.5657962226328
    y: 63.0
    z: 221.33307868784013
    yaw: -87.51761
    pitch: 63.783936
