world: world
x: 274.5029338098747
y: 70.0
z: 226.49142493936233
yaw: 91.20003
pitch: -8.749999
name: info
