world: world
x: 218.25299080576974
y: 64.0
z: 179.51232664555985
yaw: 134.09956
pitch: -0.19994466
name: portals
