world: world
x: 259.4809975217553
y: 64.0
z: 173.48420818651243
yaw: -179.8103
pitch: -12.599996
name: shop
